1 0 0 0 0 Сангвиник
2 0 0 0 1 Сангвиник
3 0 0 0 2 Сангвиник
4 0 0 0 3 Сангвиник
5 0 0 1 0 Сангвиник
6 0 0 1 1 Сангвиник-Холерик
7 0 0 1 2 Сангвиник
8 0 0 1 3 Сангвиник
9 0 0 2 0 Сангвиник
10 0 0 2 1 Сангвиник
11 0 0 2 2 Сангвиник-Флегматик
12 0 0 2 3 Сангвиник
13 0 0 3 0 Сангвиник
14 0 0 3 1 Сангвиник
15 0 0 3 2 Сангвиник
16 0 0 3 3 Сангвиник-Меланхолик
17 0 1 0 0 Сангвиник
18 0 1 0 1 Сангвиник-Холерик
19 0 1 0 2 Сангвиник
20 0 1 0 3 Сангвиник
21 0 1 1 0 Сангвиник-Холерик
22 0 1 1 1 Холерик
23 0 1 1 2 Холерик
24 0 1 1 3 Холерик
25 0 1 2 0 Сангвиник
26 0 1 2 1 Холерик
27 0 1 2 2 Флегматик
28 0 1 2 3 Неопределённый
29 0 1 3 0 Сангвиник
30 0 1 3 1 Холерик
31 0 1 3 2 Неопределённый
32 0 1 3 3 Меланхолик
33 0 2 0 0 Сангвиник
34 0 2 0 1 Сангвиник
35 0 2 0 2 Флегматик
36 0 2 0 3 Сангвиник
37 0 2 1 0 Сангвиник
38 0 2 1 1 Холерик
39 0 2 1 2 Флегматик
40 0 2 1 3 Неопределённый
41 0 2 2 0 Сангвиник-Флегматик
42 0 2 2 1 Флегматик
43 0 2 2 2 Флегматик
44 0 2 2 3 Флегматик
45 0 2 3 0 Сангвиник
46 0 2 3 1 Неопределённый
47 0 2 3 2 Флегматик
48 0 2 3 3 Меланхолик
49 0 3 0 0 Сангвиник
50 0 3 0 1 Сангвиник
51 0 3 0 2 Сангвиник
52 0 3 0 3 Сангвиник-Меланхолик
53 0 3 1 0 Сангвиник
54 0 3 1 1 Холерик
55 0 3 1 2 Неопределённый
56 0 3 1 3 Меланхолик
57 0 3 2 0 Сангвиник
58 0 3 2 1 Неопределённый
59 0 3 2 2 Флегматик
60 0 3 2 3 Меланхолик
61 0 3 3 0 Сангвиник-Меланхолик
62 0 3 3 1 Меланхолик
63 0 3 3 2 Меланхолик
64 0 3 3 3 Меланхолик
65 1 0 0 0 Сангвиник
66 1 0 0 1 Сангвиник-Холерик
67 1 0 0 2 Сангвиник
68 1 0 0 3 Сангвиник
69 1 0 1 0 Сангвиник-Холерик
70 1 0 1 1 Холерик
71 1 0 1 2 Холерик
72 1 0 1 3 Холерик
73 1 0 2 0 Сангвиник
74 1 0 2 1 Холерик
75 1 0 2 2 Флегматик
76 1 0 2 3 Неопределённый
77 1 0 3 0 Сангвиник
78 1 0 3 1 Холерик
79 1 0 3 2 Неопределённый
80 1 0 3 3 Меланхолик
81 1 1 0 0 Сангвиник-Холерик
82 1 1 0 1 Холерик
83 1 1 0 2 Холерик
84 1 1 0 3 Холерик
85 1 1 1 0 Холерик
86 1 1 1 1 Холерик
87 1 1 1 2 Холерик
88 1 1 1 3 Холерик
89 1 1 2 0 Холерик
90 1 1 2 1 Холерик
91 1 1 2 2 Холерик-Флегматик
92 1 1 2 3 Холерик
93 1 1 3 0 Холерик
94 1 1 3 1 Холерик
95 1 1 3 2 Холерик
96 1 1 3 3 Холерик-Меланхолик
97 1 2 0 0 Сангвиник
98 1 2 0 1 Холерик
99 1 2 0 2 Флегматик
100 1 2 0 3 Неопределённый
101 1 2 1 0 Холерик
102 1 2 1 1 Холерик
103 1 2 1 2 Холерик-Флегматик
104 1 2 1 3 Холерик
105 1 2 2 0 Флегматик
106 1 2 2 1 Холерик-Флегматик
107 1 2 2 2 Флегматик
108 1 2 2 3 Флегматик
109 1 2 3 0 Неопределённый
110 1 2 3 1 Холерик
111 1 2 3 2 Флегматик
112 1 2 3 3 Меланхолик
113 1 3 0 0 Сангвиник
114 1 3 0 1 Холерик
115 1 3 0 2 Неопределённый
116 1 3 0 3 Меланхолик
117 1 3 1 0 Холерик
118 1 3 1 1 Холерик
119 1 3 1 2 Холерик
120 1 3 1 3 Холерик-Меланхолик
121 1 3 2 0 Неопределённый
122 1 3 2 1 Холерик
123 1 3 2 2 Флегматик
124 1 3 2 3 Меланхолик
125 1 3 3 0 Меланхолик
126 1 3 3 1 Холерик-Меланхолик
127 1 3 3 2 Меланхолик
128 1 3 3 3 Меланхолик
129 2 0 0 0 Сангвиник
130 2 0 0 1 Сангвиник
131 2 0 0 2 Сангвиник-Флегматик
132 2 0 0 3 Сангвиник
133 2 0 1 0 Сангвиник
134 2 0 1 1 Холерик
135 2 0 1 2 Флегматик
136 2 0 1 3 Неопределённый
137 2 0 2 0 Сангвиник-Флегматик
138 2 0 2 1 Флегматик
139 2 0 2 2 Флегматик
140 2 0 2 3 Флегматик
141 2 0 3 0 Сангвиник
142 2 0 3 1 Неопределённый
143 2 0 3 2 Флегматик
144 2 0 3 3 Меланхолик
145 2 1 0 0 Сангвиник
146 2 1 0 1 Холерик
147 2 1 0 2 Флегматик
148 2 1 0 3 Неопределённый
149 2 1 1 0 Холерик
150 2 1 1 1 Холерик
151 2 1 1 2 Холерик-Флегматик
152 2 1 1 3 Холерик
153 2 1 2 0 Флегматик
154 2 1 2 1 Холерик-Флегматик
155 2 1 2 2 Флегматик
156 2 1 2 3 Флегматик
157 2 1 3 0 Неопределённый
158 2 1 3 1 Холерик
159 2 1 3 2 Флегматик
160 2 1 3 3 Меланхолик
161 2 2 0 0 Сангвиник-Флегматик
162 2 2 0 1 Флегматик
163 2 2 0 2 Флегматик
164 2 2 0 3 Флегматик
165 2 2 1 0 Флегматик
166 2 2 1 1 Холерик-Флегматик
167 2 2 1 2 Флегматик
168 2 2 1 3 Флегматик
169 2 2 2 0 Флегматик
170 2 2 2 1 Флегматик
171 2 2 2 2 Флегматик
172 2 2 2 3 Флегматик
173 2 2 3 0 Флегматик
174 2 2 3 1 Флегматик
175 2 2 3 2 Флегматик
176 2 2 3 3 Флегматик-Меланхолик
177 2 3 0 0 Сангвиник
178 2 3 0 1 Неопределённый
179 2 3 0 2 Флегматик
180 2 3 0 3 Меланхолик
181 2 3 1 0 Неопределённый
182 2 3 1 1 Холерик
183 2 3 1 2 Флегматик
184 2 3 1 3 Меланхолик
185 2 3 2 0 Флегматик
186 2 3 2 1 Флегматик
187 2 3 2 2 Флегматик
188 2 3 2 3 Флегматик-Меланхолик
189 2 3 3 0 Меланхолик
190 2 3 3 1 Меланхолик
191 2 3 3 2 Флегматик-Меланхолик
192 2 3 3 3 Меланхолик
193 3 0 0 0 Сангвиник
194 3 0 0 1 Сангвиник
195 3 0 0 2 Сангвиник
196 3 0 0 3 Сангвиник-Меланхолик
197 3 0 1 0 Сангвиник
198 3 0 1 1 Холерик
199 3 0 1 2 Неопределённый
200 3 0 1 3 Меланхолик
201 3 0 2 0 Сангвиник
202 3 0 2 1 Неопределённый
203 3 0 2 2 Флегматик
204 3 0 2 3 Меланхолик
205 3 0 3 0 Сангвиник-Меланхолик
206 3 0 3 1 Меланхолик
207 3 0 3 2 Меланхолик
208 3 0 3 3 Меланхолик
209 3 1 0 0 Сангвиник
210 3 1 0 1 Холерик
211 3 1 0 2 Неопределённый
212 3 1 0 3 Меланхолик
213 3 1 1 0 Холерик
214 3 1 1 1 Холерик
215 3 1 1 2 Холерик
216 3 1 1 3 Холерик-Меланхолик
217 3 1 2 0 Неопределённый
218 3 1 2 1 Холерик
219 3 1 2 2 Флегматик
220 3 1 2 3 Меланхолик
221 3 1 3 0 Меланхолик
222 3 1 3 1 Холерик-Меланхолик
223 3 1 3 2 Меланхолик
224 3 1 3 3 Меланхолик
225 3 2 0 0 Сангвиник
226 3 2 0 1 Неопределённый
227 3 2 0 2 Флегматик
228 3 2 0 3 Меланхолик
229 3 2 1 0 Неопределённый
230 3 2 1 1 Холерик
231 3 2 1 2 Флегматик
232 3 2 1 3 Меланхолик
233 3 2 2 0 Флегматик
234 3 2 2 1 Флегматик
235 3 2 2 2 Флегматик
236 3 2 2 3 Флегматик-Меланхолик
237 3 2 3 0 Меланхолик
238 3 2 3 1 Меланхолик
239 3 2 3 2 Флегматик-Меланхолик
240 3 2 3 3 Меланхолик
241 3 3 0 0 Сангвиник-Меланхолик
242 3 3 0 1 Меланхолик
243 3 3 0 2 Меланхолик
244 3 3 0 3 Меланхолик
245 3 3 1 0 Меланхолик
246 3 3 1 1 Холерик-Меланхолик
247 3 3 1 2 Меланхолик
248 3 3 1 3 Меланхолик
249 3 3 2 0 Меланхолик
250 3 3 2 1 Меланхолик
251 3 3 2 2 Флегматик-Меланхолик
252 3 3 2 3 Меланхолик
253 3 3 3 0 Меланхолик
254 3 3 3 1 Меланхолик
255 3 3 3 2 Меланхолик
256 3 3 3 3 Меланхолик
